    0.5000    0.4600    0.6400    0.3600    0.5000         0    0.4900    0.2200    1
    0.5300    0.5600    0.4900    0.4600    0.5000         0    0.5200    0.2200    1
    0.5200    0.5300    0.5800    0.6900    0.5000         0    0.5000    0.2200    1
    0.6700    0.6200    0.5400    0.4300    0.5000         0    0.5300    0.2200    1
    0.4500    0.5700    0.3000    0.1700    0.5000         0    0.5100    0.2200    3
    0.6800    0.5300    0.4400    0.3100    0.5000         0    0.5100    0.2200    1
    0.3800    0.4200    0.3100    0.3500    0.5000         0    0.5200    0.2200    3
    0.4800    0.4600    0.5800    0.2600    0.5000         0    0.4400    0.2200    2
    0.4500    0.3900    0.4600    0.2900    0.5000         0    0.4200    0.2200    1
    0.7800    0.7500    0.4000    0.2800    0.5000         0    0.5300    0.2200    1
    0.7400    0.8900    0.3200    0.2400    0.5000         0    0.5400    0.3200    4
    0.2100    0.4100    0.5500    0.1100    0.5000         0    0.5000    0.2700    7
    0.3500    0.5600    0.3600    0.3000    0.5000         0    0.5300    0.2500    3
    0.8000    0.7300    0.4700    0.1900    0.5000         0    0.4900    0.2200    4
    0.7600    0.7600    0.3500    0.2700    0.5000         0    0.4400    0.2200    4
